random-forest-feature-importance.json: 0.986773690744958
random-forest-feature-importance.json: 0.9160872828903318
random-forest-feature-importance.json: 0.9571244866214278
random-forest-feature-importance.json: 0.9646995391815557
